ncpu        =        144
ndim        =          3
levelmin    =          8
levelmax    =         19
ngridmax    =     800000
nstep_coarse=       1279
 
boxlen      =  0.100000000000000E+01
time        =  0.372378334069100E-03
aexp        =  0.100037015844416E+01
H0          =  0.704000015258789E+02
omega_m     =  0.272000014781952E+00
omega_l     =  0.727999985218048E+00
omega_k     =  0.000000000000000E+00
omega_b     =  0.000000000000000E+00
unit_l      =  0.273538723747661E+27
unit_d      =  0.253156993849053E-29
unit_t      =  0.437823939094123E+18
 
ordering type=hilbert                                                                         
   DOMAIN   ind_min                 ind_max
       1   0.000000000000000E+00   0.152782638237614E+17
       2   0.152782638237614E+17   0.225086082646016E+17
       3   0.225086082646016E+17   0.315057207886479E+17
       4   0.315057207886479E+17   0.390475491426959E+17
       5   0.390475491426959E+17   0.475124540154839E+17
       6   0.475124540154839E+17   0.502951988439286E+17
       7   0.502951988439286E+17   0.518394546204180E+17
       8   0.518394546204180E+17   0.547538043100201E+17
       9   0.547538043100201E+17   0.656248250239549E+17
      10   0.656248250239549E+17   0.737537109828567E+17
      11   0.737537109828567E+17   0.809216822980116E+17
      12   0.809216822980116E+17   0.886318986029957E+17
      13   0.886318986029957E+17   0.923693877339095E+17
      14   0.923693877339095E+17   0.104089107944178E+18
      15   0.104089107944178E+18   0.107202582350397E+18
      16   0.107202582350397E+18   0.114843645923820E+18
      17   0.114843645923820E+18   0.121026309328470E+18
      18   0.121026309328470E+18   0.128061056663683E+18
      19   0.128061056663683E+18   0.136884341123842E+18
      20   0.136884341123842E+18   0.154409354282402E+18
      21   0.154409354282402E+18   0.163739196178039E+18
      22   0.163739196178039E+18   0.167849495986438E+18
      23   0.167849495986438E+18   0.171742367638880E+18
      24   0.171742367638880E+18   0.175394177540948E+18
      25   0.175394177540948E+18   0.181971663330476E+18
      26   0.181971663330476E+18   0.188641352404173E+18
      27   0.188641352404173E+18   0.198652295179665E+18
      28   0.198652295179665E+18   0.209536217975357E+18
      29   0.209536217975357E+18   0.215841268620591E+18
      30   0.215841268620591E+18   0.221019166302274E+18
      31   0.221019166302274E+18   0.224976116450853E+18
      32   0.224976116450853E+18   0.237072878955135E+18
      33   0.237072878955135E+18   0.242379804970582E+18
      34   0.242379804970582E+18   0.246667704226808E+18
      35   0.246667704226808E+18   0.253624703929811E+18
      36   0.253624703929811E+18   0.260414883747594E+18
      37   0.260414883747594E+18   0.265581957037949E+18
      38   0.265581957037949E+18   0.271091042869051E+18
      39   0.271091042869051E+18   0.276083653514101E+18
      40   0.276083653514101E+18   0.284888307479871E+18
      41   0.284888307479871E+18   0.290764544295305E+18
      42   0.290764544295305E+18   0.296008158197842E+18
      43   0.296008158197842E+18   0.303857815447929E+18
      44   0.303857815447929E+18   0.310913756433482E+18
      45   0.310913756433482E+18   0.315458017604665E+18
      46   0.315458017604665E+18   0.316860234318479E+18
      47   0.316860234318479E+18   0.319544527440314E+18
      48   0.319544527440314E+18   0.323073514917593E+18
      49   0.323073514917593E+18   0.331389331644088E+18
      50   0.331389331644088E+18   0.349167526766182E+18
      51   0.349167526766182E+18   0.366755902100865E+18
      52   0.366755902100865E+18   0.382378516001325E+18
      53   0.382378516001325E+18   0.391420229613257E+18
      54   0.391420229613257E+18   0.400809122611593E+18
      55   0.400809122611593E+18   0.403739695701295E+18
      56   0.403739695701295E+18   0.406557074122605E+18
      57   0.406557074122605E+18   0.411870941107192E+18
      58   0.411870941107192E+18   0.417552376157700E+18
      59   0.417552376157700E+18   0.425041925096079E+18
      60   0.425041925096079E+18   0.436026574941192E+18
      61   0.436026574941192E+18   0.442938293609300E+18
      62   0.442938293609300E+18   0.456109149051159E+18
      63   0.456109149051159E+18   0.474075054158643E+18
      64   0.474075054158643E+18   0.488956898943435E+18
      65   0.488956898943435E+18   0.498204690454938E+18
      66   0.498204690454938E+18   0.506572668519055E+18
      67   0.506572668519055E+18   0.515119131062698E+18
      68   0.515119131062698E+18   0.519192422882738E+18
      69   0.519192422882738E+18   0.523745354504471E+18
      70   0.523745354504471E+18   0.539497665679852E+18
      71   0.539497665679852E+18   0.557902585164464E+18
      72   0.557902585164464E+18   0.568189650313675E+18
      73   0.568189650313675E+18   0.574286811656880E+18
      74   0.574286811656880E+18   0.584058915596009E+18
      75   0.584058915596009E+18   0.595506140542927E+18
      76   0.595506140542927E+18   0.602235488849363E+18
      77   0.602235488849363E+18   0.613156481507787E+18
      78   0.613156481507787E+18   0.625031747179905E+18
      79   0.625031747179905E+18   0.634737906654642E+18
      80   0.634737906654642E+18   0.646716921093292E+18
      81   0.646716921093292E+18   0.661033193847128E+18
      82   0.661033193847128E+18   0.669734170523599E+18
      83   0.669734170523599E+18   0.677476665118425E+18
      84   0.677476665118425E+18   0.688519907578479E+18
      85   0.688519907578479E+18   0.696194422504686E+18
      86   0.696194422504686E+18   0.704598868196590E+18
      87   0.704598868196590E+18   0.717041102904885E+18
      88   0.717041102904885E+18   0.720195219043123E+18
      89   0.720195219043123E+18   0.727508223753454E+18
      90   0.727508223753454E+18   0.736208151249945E+18
      91   0.736208151249945E+18   0.743723420063105E+18
      92   0.743723420063105E+18   0.750934924227248E+18
      93   0.750934924227248E+18   0.758339827815940E+18
      94   0.758339827815940E+18   0.764007627586798E+18
      95   0.764007627586798E+18   0.769817597804806E+18
      96   0.769817597804806E+18   0.775658664022245E+18
      97   0.775658664022245E+18   0.786487376087089E+18
      98   0.786487376087089E+18   0.793469525105312E+18
      99   0.793469525105312E+18   0.801937009105961E+18
     100   0.801937009105961E+18   0.812935601237000E+18
     101   0.812935601237000E+18   0.821650344474837E+18
     102   0.821650344474837E+18   0.825717344302006E+18
     103   0.825717344302006E+18   0.836518995925402E+18
     104   0.836518995925402E+18   0.845234809465733E+18
     105   0.845234809465733E+18   0.853162889698083E+18
     106   0.853162889698083E+18   0.860668736963609E+18
     107   0.860668736963609E+18   0.871224838864241E+18
     108   0.871224838864241E+18   0.891469596710666E+18
     109   0.891469596710666E+18   0.903474382892958E+18
     110   0.903474382892958E+18   0.911831933581787E+18
     111   0.911831933581787E+18   0.915509851516305E+18
     112   0.915509851516305E+18   0.924224766972264E+18
     113   0.924224766972264E+18   0.933318872205885E+18
     114   0.933318872205885E+18   0.938375388877292E+18
     115   0.938375388877292E+18   0.941515297062388E+18
     116   0.941515297062388E+18   0.950095952645980E+18
     117   0.950095952645980E+18   0.951889453947814E+18
     118   0.951889453947814E+18   0.955959561452257E+18
     119   0.955959561452257E+18   0.960423910849905E+18
     120   0.960423910849905E+18   0.964049173156463E+18
     121   0.964049173156463E+18   0.964402667554079E+18
     122   0.964402667554079E+18   0.966798667337957E+18
     123   0.966798667337957E+18   0.974579919717663E+18
     124   0.974579919717663E+18   0.982003754582671E+18
     125   0.982003754582671E+18   0.990141488174203E+18
     126   0.990141488174203E+18   0.100747467051080E+19
     127   0.100747467051080E+19   0.101491246079830E+19
     128   0.101491246079830E+19   0.102079380446406E+19
     129   0.102079380446406E+19   0.103270448657072E+19
     130   0.103270448657072E+19   0.104125318867137E+19
     131   0.104125318867137E+19   0.105516530017082E+19
     132   0.105516530017082E+19   0.106698648790971E+19
     133   0.106698648790971E+19   0.107578780898086E+19
     134   0.107578780898086E+19   0.108554447358630E+19
     135   0.108554447358630E+19   0.109207206151953E+19
     136   0.109207206151953E+19   0.109954951797749E+19
     137   0.109954951797749E+19   0.110505238469594E+19
     138   0.110505238469594E+19   0.111260050625082E+19
     139   0.111260050625082E+19   0.111973095941603E+19
     140   0.111973095941603E+19   0.112526367937842E+19
     141   0.112526367937842E+19   0.112858824283731E+19
     142   0.112858824283731E+19   0.113657082248010E+19
     143   0.113657082248010E+19   0.114417628976723E+19
     144   0.114417628976723E+19   0.115292150460685E+19
