           Mass binsSMF subhalos+orphans        SMF subhalos   SMF centrals only
            5.537500  0.000000000000E+00  0.000000000000E+00  0.000000000000E+00
            5.612500  0.000000000000E+00  0.000000000000E+00  0.000000000000E+00
            5.687500  0.000000000000E+00  0.000000000000E+00  0.000000000000E+00
            5.762500  0.000000000000E+00  0.000000000000E+00  0.000000000000E+00
            5.837500  0.000000000000E+00  0.000000000000E+00  0.000000000000E+00
            5.912500  0.000000000000E+00  0.000000000000E+00  0.000000000000E+00
            5.987500  0.382912913420E-04  0.000000000000E+00  0.000000000000E+00
            6.062500  0.382912913420E-04  0.000000000000E+00  0.000000000000E+00
            6.137500  0.229747748052E-03  0.000000000000E+00  0.000000000000E+00
            6.212500  0.000000000000E+00  0.000000000000E+00  0.000000000000E+00
            6.287500  0.000000000000E+00  0.000000000000E+00  0.000000000000E+00
            6.362500  0.000000000000E+00  0.000000000000E+00  0.000000000000E+00
            6.437500  0.382912913420E-04  0.000000000000E+00  0.000000000000E+00
            6.512500  0.114873874026E-03  0.191456456710E-04  0.000000000000E+00
            6.587500  0.000000000000E+00  0.000000000000E+00  0.000000000000E+00
            6.662500  0.382912913420E-04  0.000000000000E+00  0.000000000000E+00
            6.737500  0.765825826840E-04  0.000000000000E+00  0.000000000000E+00
            6.812500  0.268039039394E-03  0.000000000000E+00  0.000000000000E+00
            6.887500  0.114873874026E-03  0.000000000000E+00  0.000000000000E+00
            6.962500  0.459495496104E-03  0.191456456710E-04  0.000000000000E+00
            7.037500  0.114873874026E-03  0.000000000000E+00  0.000000000000E+00
            7.112500  0.918990992208E-03  0.000000000000E+00  0.000000000000E+00
            7.187500  0.122532132294E-02  0.000000000000E+00  0.000000000000E+00
            7.262500  0.245064264589E-02  0.000000000000E+00  0.000000000000E+00
            7.337500  0.436520721299E-02  0.000000000000E+00  0.000000000000E+00
            7.412500  0.106066877017E-01  0.000000000000E+00  0.000000000000E+00
            7.487500  0.970109866150E-01  0.505445045715E-02  0.191456456710E-04
            7.562500  0.784588559598E-01  0.409716817359E-02  0.114873874026E-03
            7.637500  0.723322493451E-01  0.358023574048E-02  0.727534535498E-03
            7.712500  0.855810361494E-01  0.513103303983E-02  0.333134234675E-02
            7.787500  0.699581892819E-01  0.503530481147E-02  0.453751802403E-02
            7.862500  0.587005496273E-01  0.440349850433E-02  0.371425526017E-02
            7.937500  0.695752763684E-01  0.742851052035E-02  0.643293694546E-02
            8.012500  0.596578319108E-01  0.706474325260E-02  0.599258709502E-02
            8.087500  0.504679219888E-01  0.700730631559E-02  0.597344144935E-02
            8.162500  0.570157328083E-01  0.928563815044E-02  0.760082133139E-02
            8.237500  0.479024054689E-01  0.901759911104E-02  0.758167568572E-02
            8.312500  0.478641141775E-01  0.109704549695E-01  0.976427929221E-02
            8.387500  0.444944805394E-01  0.976427929221E-02  0.836664715823E-02
            8.462500  0.410482643186E-01  0.976427929221E-02  0.855810361494E-02
            8.537500  0.400143994524E-01  0.108172898041E-01  0.966855106386E-02
            8.612500  0.367979309797E-01  0.102812117253E-01  0.897930781970E-02
            8.687500  0.351131141606E-01  0.989829881191E-02  0.880699700866E-02
            8.762500  0.304032853256E-01  0.871126878031E-02  0.721790841797E-02
            8.837500  0.273016907269E-01  0.871126878031E-02  0.758167568572E-02
            8.912500  0.291396727113E-01  0.926649250477E-02  0.823262763853E-02
            8.987500  0.251573784117E-01  0.706474325260E-02  0.606916967771E-02
            9.062500  0.250425045377E-01  0.723705406364E-02  0.601173274070E-02
            9.137500  0.243149700022E-01  0.813689941018E-02  0.706474325260E-02
            9.212500  0.204475495766E-01  0.652866517381E-02  0.545650901624E-02
            9.287500  0.224386967264E-01  0.729449100065E-02  0.635635436277E-02
            9.362500  0.215197057342E-01  0.672012163052E-02  0.580113063831E-02
            9.437500  0.203326757026E-01  0.627977178009E-02  0.539907207922E-02
            9.512500  0.199114714978E-01  0.645208259113E-02  0.536078078788E-02
            9.587500  0.184564024268E-01  0.616489790606E-02  0.541821772489E-02
            9.662500  0.186478588836E-01  0.612660661472E-02  0.515017868550E-02
            9.737500  0.183415285528E-01  0.610746096905E-02  0.511188739416E-02
            9.812500  0.171162072299E-01  0.601173274070E-02  0.497786787446E-02
            9.887500  0.184564024268E-01  0.647122823680E-02  0.528419820520E-02
            9.962500  0.175757027260E-01  0.624148048875E-02  0.515017868550E-02
           10.037500  0.149718949147E-01  0.518846997684E-02  0.425033333896E-02
           10.112500  0.155462642849E-01  0.564796547295E-02  0.482470270909E-02
           10.187500  0.145123994186E-01  0.503530481147E-02  0.430777027598E-02
           10.262500  0.155845555762E-01  0.578198499264E-02  0.495872222879E-02
           10.337500  0.129424564736E-01  0.476726577208E-02  0.388656607121E-02
           10.412500  0.128275825996E-01  0.488213964611E-02  0.419289640195E-02
           10.487500  0.129424564736E-01  0.497786787446E-02  0.425033333896E-02
           10.562500  0.132487868043E-01  0.534163514221E-02  0.459495496104E-02
           10.637500  0.117171351507E-01  0.472897448074E-02  0.419289640195E-02
           10.712500  0.120234654814E-01  0.457580931537E-02  0.403973123658E-02
           10.787500  0.101089009143E-01  0.377169219719E-02  0.323561411840E-02
           10.862500  0.964940541819E-02  0.336963363810E-02  0.287184685065E-02
           10.937500  0.650951952814E-02  0.224004054351E-02  0.176139940173E-02
           11.012500  0.436520721299E-02  0.135934084264E-02  0.114873874026E-02
           11.087500  0.237406006320E-02  0.784971472511E-03  0.593515015801E-03
           11.162500  0.176139940173E-02  0.478641141775E-03  0.421204204762E-03
           11.237500  0.727534535498E-03  0.153165165368E-03  0.153165165368E-03
           11.312500  0.191456456710E-03  0.574369370130E-04  0.382912913420E-04
           11.387500  0.765825826840E-04  0.382912913420E-04  0.191456456710E-04
           11.462500  0.000000000000E+00  0.000000000000E+00  0.000000000000E+00
           11.537500  0.000000000000E+00  0.000000000000E+00  0.000000000000E+00
           11.612500  0.000000000000E+00  0.000000000000E+00  0.000000000000E+00
           11.687500  0.000000000000E+00  0.000000000000E+00  0.000000000000E+00
           11.762500  0.000000000000E+00  0.000000000000E+00  0.000000000000E+00
           11.837500  0.000000000000E+00  0.000000000000E+00  0.000000000000E+00
           11.912500  0.000000000000E+00  0.000000000000E+00  0.000000000000E+00
           11.987500  0.000000000000E+00  0.000000000000E+00  0.000000000000E+00
           12.062500  0.000000000000E+00  0.000000000000E+00  0.000000000000E+00
           12.137500  0.000000000000E+00  0.000000000000E+00  0.000000000000E+00
           12.212500  0.000000000000E+00  0.000000000000E+00  0.000000000000E+00
           12.287500  0.000000000000E+00  0.000000000000E+00  0.000000000000E+00
           12.362500  0.000000000000E+00  0.000000000000E+00  0.000000000000E+00
           12.437500  0.000000000000E+00  0.000000000000E+00  0.000000000000E+00
           12.512500  0.000000000000E+00  0.000000000000E+00  0.000000000000E+00
           12.587500  0.000000000000E+00  0.000000000000E+00  0.000000000000E+00
           12.662500  0.000000000000E+00  0.000000000000E+00  0.000000000000E+00
           12.737500  0.000000000000E+00  0.000000000000E+00  0.000000000000E+00
           12.812500  0.000000000000E+00  0.000000000000E+00  0.000000000000E+00
           12.887500  0.000000000000E+00  0.000000000000E+00  0.000000000000E+00
           12.962500  0.000000000000E+00  0.000000000000E+00  0.000000000000E+00
